numbers = [0, 0, 0, 0, 0, 0, 0, 0, 0, 0]

NOのとき   -100
YESのとき  +1
一番大きいのが答え

sample-1
--------------------------------------------
3
1 2 4 3 NO
8 5 6 7 NO
0 1 2 3 NO

[0, -100, -100, -100, -100, 0, 0, 0, 0, 0, 0]
[0, -100, -100, -100, -100, -100, -100, -100, -100, 0]
[-100, -200, -200, -200, -100, -100, -100, -100, -100, 0]

maxはnumbers[9]なので -> 9
--------------------------------------------

sample-2
--------------------------------------------
2
1 2 3 4 YES
4 5 6 7 YES

[0, 1, 1, 1, 1, 0, 0, 0, 0, 0]
[0, 1, 1, 1, 2, 1, 1, 1, 0, 0]

maxはnumbers[4]なので -> 4
--------------------------------------------

sample-3
--------------------------------------------
4
2 6 5 3 NO
1 0 4 7 YES
1 7 8 4 YES
7 1 9 8 NO

[0, 0, -100, -100, 0, -100, -100, 0, 0, 0]
[1, 1, -100, -100, 1, -100, -100, 1, 0, 0]
[1, 2, -100, -100, 2, -100, -100, 2, 1, 0]
[1, -98, -100, -100, 2, -100, -100, -98, -99, -100]

maxはnumbers[4]なので -> 4
--------------------------------------------