-----------------------------------------------

1 2 3 4
1 10 11 100
1 1 2 1

進み方は
1 -> 2 -> 3 -> 1 -> 2 -> 3 -> 1 ....

-----------------------------------------------

1 2 3 4 5
1 10 11 100 101
1 1 2 1 2

進み方は
1 -> 2 -> 3 -> 5

-----------------------------------------------

1 2 3 4 5 6 7 8 9 10 11
1 10 11 100 101 110 111 1000 1001 1010 1011
1 1 2 1 2 2 3 1 2 2 3

進み方は
1 -> 2 -> 3 -> 5 -> 7 -> 10 -> 8 -> 9 -> 11

-----------------------------------------------


2進数に変換

2のとき
2 % 2 == 0
1

10のとき
10 % 2 == 0
5 % 2 == 1
2 % 2 == 0
1

12のとき
12 % 2 == 0
6 % 2 == 0
3 % 2 == 1
1